$ANSIBLE_VAULT;1.1;AES256
35356237616538303130376561666138623963663066363738306166323766666531353838306663
6232613462346561373565326462646136613765303765310a663032613732623866366466613661
34613730386230643034656163363464373632356563363835333731616661393130313438383361
3234303137626236370a326236323166356262656132306639656565663662326561326632383631
35633466373430363365623535623439653464376135363264373332373763633731366666306133
39383066643065646366343764383664326637323966303461323735636662613366613439366339
32333264633562366639323436666163363338313566643663613435343234313035336331613633
34386539666337366564663436623163343865656664393433346633323434353436633965386538
33613630613033343665353664396535646536666361663639653133333432376238643363353830
31653138393336633537366438643432623235373835336137303061386664386436383264373236
38633831373330326139316565613238326135303836313663623066616232626564393961333737
31326266363965343635396165383165346133636137353837326536333063326539383134303438
61653662323764383531653931363262356235336533383234393464386333343564636336303132
31326538613163666538373761316335323362353866383936633363656661363432366161623537
32613236336339663430666433336130613266383361353935613234646231626137363939366530
32386461326263633764346537383165663166643964396534643563383164386362383164383934
62323235343065306537353163623335366239636661623535663361373862323031303532646164
61313039336262613135333532653363343466393366353861366238653630626661653966663534
30353935333837666337373435623163383537626565326635393664373835336536613736303562
62316439363263633465333961393063343036336461313137326437353137313939373534316465
63336564633338336461306166373735663635666133633961366334623063373664613664626132
37643566393732303261643938656332656664313236333431383136323839383532346363303135
35656133363761386130376234303438316136393263373161646665316665633734646237623366
38383435353937346165303238626133613531396534326236356264353366663562303864323736
34383531383936313465336530646162323430386264633435613839353463373765
