$ANSIBLE_VAULT;1.1;AES256
36656334373935336637623937386562636161333137313966616537363662336433633733373661
3034653238396435386234666531353034613834646235660a636363346233613239353638343762
66336231333733366238663934313265623637356135626334646265633131396531336239343766
6162656239373765370a613065373863373365646162623839383966663637333663313833346632
31373935636432663636623630343232633536636533623634623465343432316262336532313364
65623966343139663139623037383965613935623961633363633861336566626432346231376366
66643166356136663532323336303563313033356436613835313966356531643761646339613330
31386131303834356664313961663332323862393431333139323732643632663031353862343833
30313339326361343237386636633162656138383830383165646165306363613263666164646235
30653161303133616637323534326666353534333631643339346263653432336166343661326334
39653663353365343830346166663432386661666439653461653235323264373836643963376132
62393833353766666539346431666436313839623236303432646137653738636535306465353435
37323230616637626530653861333262386539663763626436656463363836323132633162633137
39353265396231646131623364366139333965613933366337346563326632616533623165393635
39633437386464303934616263373738303335646635336462326138323565653830353163346631
31313864363564636364313630636366363838366331333966386231383738643735663263356535
64623164633431633233333863663439393736626364663363383234653632666666393465663132
66656666383734613535626636313837616262356661376435613133646465306133343666663362
36643936643738626132646439306433336364643465353033376131313832343666336362633365
63393737633838616466333331323533396663656362613362383433633363666263353534633832
62643839316536356463616363663762663238373236303932333135626165626634343737393430
65396136303732336562313262313565393536363230343062663832373631326262396138653561
38616565303062366636366134373161313633366461363864656434613066663134633935363366
34643433633539613161
