$ANSIBLE_VAULT;1.1;AES256
66323033353064353337373462346464383833636435333833363634303333636465373235613438
3862623630633565623663333635333937613336643435300a323863616166373130366337323632
38383063393339653564333463333739313538346138393337643034616334666164313430383134
3339616439633865360a303935306535656237663561613365323631346633656533666134613638
39323731663966386464376437666466633839373962376637646664633236636563663663323933
35336166383731323061383933343137616430343164373239323737636639343938393330336538
66326464643730633565306362613231323632363935323766393033333663623362333836666234
37336561346434653533663166343062653836626163636538633665336662303932376138303530
33613535393862656563396332396531643366376262613238383162376165373537356236386662
30663132643735326466353639376636626338323934366365366137656263653562623333343032
32303137646236663336393863653936363334613933326462666564336266333539643330316437
31646631656631306565316337336564383037313934303630353965633939343738656431313563
65353666373966643862626663666261303039323166666635386537643530323634323435356436
62636332323232366138326531323462366235386663306261323162666236336431303737633837
38373736636430343462303338366562303937346565636437353836356334656630656130626565
33643163346566336664393732353966646663356530363365376532356163646666353265373961
65303733356238626137306633643037626139396130343138643832653937343331316131363031
30666661383962396534303264303931326233643232313139663264333131306536646663636136
62313730306234323030643339363130313631396265343237373362313735623837393633306666
34353063393562643066353835363937383161613736353564646436376539326239356436383663
38633961343435323266353432656332623430303736623939323439643435613062343865316466
61656632383863386133626533366662623361666636346433623461373732316362306365386661
35653438646332616264346335613962396465633334386434626565663064643634646561386361
34633831373065623866613735653864653832386636613266613264653565373937373836643534
64366263653136643837623938653935613831353166326135343362393265313765376435326662
63373337623465653465343639383539306535613233653131353038333932373662373438313661
61666238646130633066386336343433393231633039393933376637643564333837636561333735
38393064316634316466376263623038373665313138356564316562333530653832323066373461
3334
